0.406360 0.678100
0.740024 0.021714
0.010189 0.742363
0.018690 0.959379
0.147733 0.203388
0.537098 0.436150
0.973216 0.057475
0.909359 0.676973
0.877294 0.956678
0.371858 0.169457
0.381181 0.221678
0.777206 0.726645
0.095179 0.523114
0.028720 0.561751
0.601523 0.848348
0.190812 0.668134
0.755217 0.418480
0.035090 0.361202
0.561587 0.549558
0.837625 0.183719
0.485554 0.062242
0.829760 0.501908
0.775193 0.735815
0.823001 0.027028
0.140889 0.475267
0.177945 0.185533
0.921509 0.314292
0.467846 0.730678
0.690212 0.112367
0.899376 0.239385
0.105140 0.820723
0.796252 0.170443
0.693965 0.489824
0.225846 0.973565
0.176331 0.770103
0.154554 0.333563
0.874521 0.518054
0.354610 0.009869
0.740201 0.261353
0.653188 0.888887
0.533899 0.699571
0.014067 0.805079
0.733910 0.121116
0.372783 0.406487
0.822604 0.602399
0.108107 0.841308
0.700658 0.121830
0.525870 0.324399
0.113517 0.269091
0.755537 0.706060
0.139435 0.059232
0.015633 0.010158
0.984730 0.471512
0.291004 0.534649
0.559422 0.724460
0.083093 0.514770
0.565233 0.971548
0.043797 0.537646
0.117939 0.055903
0.984144 0.866795
0.247367 0.197886
0.960962 0.585996
0.970874 0.005952
0.887838 0.004171
0.019933 0.999029
0.391116 0.076479
0.714464 0.907818
0.437329 0.691465
0.925886 0.382696
0.595369 0.550157
0.547360 0.377560
0.664882 0.020183
0.398501 0.401776
0.801770 0.786467
0.031882 0.036496
0.202356 0.339811
0.479925 0.596978
0.869679 0.345615
0.583341 0.589130
0.978560 0.717235
0.176020 0.656338
0.880463 0.781943
0.066381 0.041781
0.844895 0.272198
0.451407 0.201741
0.220932 0.000889
0.127200 0.097043
0.820689 0.986453
0.618611 0.862617
0.975919 0.482243
0.140596 0.009248
0.899618 0.834262
0.125215 0.046961
0.696407 0.342313
0.900711 0.436080
0.608644 0.331907
0.992937 0.069833
0.859617 0.457683
0.434405 0.071509
0.760850 0.853860
0.412523 0.549501
0.587448 0.123214
0.566153 0.095179
0.093593 0.313272
0.248369 0.231381
0.439695 0.966937
0.113373 0.723432
0.733383 0.054437
0.456785 0.649923
0.348435 0.094502
0.841092 0.397105
0.678884 0.054889
0.671793 0.288608
0.009999 0.685835
0.554859 0.391264
0.743448 0.784785
0.462377 0.148214
0.300921 0.516663
0.960810 0.882031
0.648595 0.321235
0.015087 0.883488
0.534296 0.127556
0.171780 0.755658
0.209833 0.565224
0.245899 0.918416
0.622917 0.613155
0.988396 0.695010
0.806233 0.658802
0.595249 0.200203
0.465640 0.254229
0.334023 0.328605
0.575165 0.950176
0.010129 0.502163
0.123338 0.465221
0.472493 0.477372
0.023594 0.104377
0.867178 0.435636
0.600894 0.779946
0.887521 0.784283
0.997351 0.207151
0.840638 0.581123
0.301601 0.848091
0.952696 0.262014
0.199779 0.959731
0.969121 0.398764
0.470408 0.665173
0.770983 0.543795
0.701166 0.312143
0.425057 0.828345
0.192388 0.508612
0.812611 0.872599
0.130363 0.132714
0.740762 0.738962
0.762859 0.302577
0.230279 0.113829
0.490005 0.761423
0.495001 0.638519
0.495553 0.384264
0.980570 0.326665
0.786725 0.544758
0.713981 0.303209
0.285236 0.894249
0.130485 0.679216
0.917787 0.699745
0.490655 0.237131
0.491195 0.263593
0.978002 0.742641
0.505528 0.104782
0.576263 0.122205
0.957991 0.520338
0.865576 0.449396
0.621019 0.864960
0.948006 0.668537
0.239884 0.388052
0.815459 0.250758
0.588362 0.749507
0.606761 0.525392
0.345344 0.399094
0.365786 0.258788
0.311011 0.849026
0.108741 0.162932
0.568041 0.495238
0.236296 0.407882
0.811539 0.050174
0.585018 0.884876
0.220740 0.838316
0.702617 0.921073
0.926252 0.175439
0.252793 0.382232
0.338479 0.803548
0.808014 0.616241
0.346047 0.885676
0.672348 0.488267
0.667468 0.378199
0.791506 0.837377
0.444941 0.693056
0.253553 0.044862
0.506093 0.438230
0.361256 0.046068
0.587655 0.682082
0.765869 0.040414
0.214435 0.625596
0.692149 0.358359
0.857673 0.786333
0.855725 0.429444
0.458719 0.798848
0.276453 0.562138
0.397181 0.718583
0.825192 0.294053
0.507090 0.279687
0.006479 0.400213
0.800283 0.901967
0.175852 0.257402
0.143131 0.368149
0.118137 0.154225
0.250913 0.999833
0.671772 0.309357
0.013514 0.849044
0.874305 0.814568
0.346841 0.891946
0.925488 0.454462
0.476212 0.462338
0.116905 0.371456
0.801183 0.194702
0.760906 0.842396
0.265659 0.560112
0.066603 0.012302
0.462815 0.672999
0.857027 0.291067
0.541272 0.422761
0.999035 0.260572
0.347108 0.141432
0.426396 0.362501
0.135746 0.957095
0.676463 0.341252
0.618377 0.702459
0.932194 0.401690
0.069519 0.748989
0.663769 0.308101
0.715469 0.419202
0.097865 0.198535
0.647820 0.693242
0.907695 0.717841
0.061872 0.770531
0.713190 0.183064
0.706699 0.673310
0.208238 0.886433
0.051769 0.486097
0.990725 0.314068
0.824458 0.013547
0.461092 0.012607
0.253443 0.608962
0.476486 0.071308
0.564877 0.676636
0.800060 0.703797
0.021426 0.883485
0.768810 0.211464
0.068640 0.428850
0.018341 0.689634
0.958813 0.816124
0.549284 0.197964
0.559386 0.445802
0.897578 0.758155
0.921137 0.006800
0.679657 0.464867
0.580766 0.081346
0.323604 0.199894
0.503218 0.598496
0.368631 0.924941
0.030928 0.772279
0.317765 0.294992
0.200390 0.942728
0.662449 0.382099
0.310838 0.301502
0.362744 0.628499
0.685505 0.828560
0.763181 0.758360
0.152828 0.892297
0.651783 0.269019
0.893138 0.872806
0.928610 0.295461
0.945795 0.856377
0.140211 0.095849
0.852376 0.919094
0.957629 0.141315
0.623448 0.768363
0.528192 0.809778
0.459623 0.543420
0.515059 0.981440
0.432005 0.389349
0.553583 0.412693
0.632798 0.013881
0.799785 0.625531
0.143760 0.812199
0.223827 0.191155
0.538363 0.302213
0.310121 0.709326
0.532911 0.551251
0.865769 0.489097
0.832561 0.994816
0.710314 0.921930
0.180068 0.549071
0.122320 0.804801
0.108289 0.200901
0.052088 0.418734
0.921837 0.322911
0.274858 0.997315
0.988999 0.805427
0.855131 0.330110
0.511892 0.723541
0.520284 0.637456
0.561043 0.664489
0.800446 0.526023
0.309945 0.029097
0.081635 0.788568
0.085862 0.590793
0.040451 0.046719
0.065006 0.346611
0.281154 0.752181
0.183430 0.226901
0.379752 0.859641
0.109357 0.543872
0.954744 0.563729
0.928350 0.153877
0.830491 0.852746
0.529632 0.184281
0.836680 0.273493
0.550026 0.833011
0.296166 0.224355
0.131420 0.187350
0.793516 0.297911
0.678295 0.228261
0.387840 0.679712
0.263790 0.187509
0.036077 0.376417
0.325944 0.207081
0.626644 0.094400
0.820143 0.813864
0.688443 0.918971
0.049507 0.067286
0.536472 0.554768
0.981809 0.363583
0.342838 0.779428
0.979753 0.787607
0.380784 0.935532
0.520778 0.591538
0.479321 0.739906
0.663273 0.849603
0.547421 0.424702
0.727986 0.588892
0.879196 0.241311
0.906560 0.728570
0.835330 0.655987
0.283558 0.973260
0.411036 0.145169
0.064011 0.401124
0.147117 0.358849
0.635407 0.863111
0.818241 0.561926
0.461236 0.467093
0.341330 0.686341
0.702604 0.359073
0.387015 0.030879
0.895086 0.733387
0.248370 0.630908
0.969924 0.504784
0.623700 0.586875
0.401815 0.357505
0.103953 0.188285
0.289970 0.949959
0.320332 0.498952
0.734772 0.898318
0.904012 0.179669
0.959286 0.788319
0.637370 0.716075
0.243033 0.871811
0.434959 0.892302
0.884858 0.293041
0.082466 0.305118
0.092380 0.659408
0.983203 0.948639
0.907426 0.522389
0.514207 0.416247
0.020032 0.866569
0.977832 0.064246
0.597984 0.018180
0.549722 0.560868
0.064538 0.479289
0.070380 0.604582
0.093908 0.069736
0.005069 0.237294
0.962223 0.416170
0.405558 0.100837
0.791097 0.265989
0.247300 0.189284
0.151627 0.323721
0.086878 0.134959
0.958529 0.308384
0.587119 0.832606
0.577295 0.712531
0.091069 0.254053
0.591664 0.307245
0.091030 0.634795
0.734375 0.781988
0.135189 0.824278
0.071071 0.034257
0.441886 0.483251
0.645389 0.531186
0.250341 0.984433
0.442702 0.853714
0.726752 0.326827
0.710607 0.003687
0.065897 0.109350
0.386217 0.305205
0.280972 0.626086
0.623425 0.763787
0.058144 0.443286
0.187766 0.560375
0.967363 0.397359
0.792147 0.951941
0.267250 0.813447
0.283624 0.226433
0.519430 0.885772
0.959586 0.517015
0.236455 0.583806
0.191105 0.219055
0.827515 0.152399
0.961884 0.473006
0.177405 0.259375
0.893144 0.677339
0.296785 0.110690
0.817958 0.277893
0.615521 0.401089
0.992959 0.143472
0.655966 0.797344
0.590986 0.682286
0.019318 0.761444
0.205206 0.479759
0.845721 0.912764
0.713325 0.645502
0.167581 0.801065
0.000019 0.245679
0.865596 0.916269
0.716279 0.166759
0.258295 0.996347
0.466358 0.507613
0.708417 0.211201
0.556122 0.129112
0.013247 0.598327
0.711051 0.303915
0.761070 0.205106
0.977773 0.503808
0.282198 0.752951
0.359960 0.237964
0.300544 0.280120
0.607544 0.512711
0.900534 0.142875
0.977659 0.921870
0.964164 0.958737
0.716352 0.596450
0.804306 0.560985
0.472034 0.243479
0.322914 0.800102
0.844811 0.285947
0.656556 0.075757
0.800221 0.679343
0.936745 0.811992
0.731613 0.324984
0.488840 0.698644
0.542272 0.126298
0.520794 0.413638
0.236588 0.641468
0.111866 0.713624
0.158971 0.974320
0.101405 0.234549
0.199871 0.015038
0.299129 0.079087
0.000197 0.393308
0.290863 0.284485
0.428564 0.538681
0.997468 0.562188
0.380241 0.056448
0.059753 0.279748
0.252311 0.222019
0.068448 0.515855
0.286487 0.772823
0.635837 0.160932
0.339185 0.333902
0.314467 0.458584
0.537860 0.751918
0.408367 0.087306
0.713299 0.331981
0.793502 0.867186
0.459448 0.472675
0.966742 0.442966
0.165542 0.476921
0.676393 0.842645
0.389705 0.379761
0.652396 0.639937
0.498851 0.478886
0.150574 0.559238
0.586644 0.879703
0.252852 0.753350
0.299420 0.773978
0.124166 0.657076
0.349414 0.359538
0.716821 0.273885
0.175259 0.278276
0.734320 0.988221
0.421690 0.200653
0.019273 0.512603
0.653501 0.717130
0.913731 0.376537
0.993253 0.010446
0.555372 0.443353
0.177870 0.877361
0.519227 0.301430
0.866194 0.544488
0.692190 0.017886
0.897717 0.380042
0.776335 0.665634
0.602133 0.041827
0.357103 0.238849
0.190021 0.821495
0.043728 0.057194
0.716858 0.946096
0.791772 0.525802
0.105772 0.380170
0.151473 0.165815
0.238799 0.235083
0.850622 0.159431
0.182135 0.237071
0.816968 0.263719
0.197736 0.831411
0.472723 0.839092
0.311808 0.407359
0.892485 0.911171
0.860154 0.816997
0.205973 0.638862
0.610970 0.830822
0.448229 0.296843
0.777644 0.423934
0.912502 0.897241
0.477237 0.818842
0.944806 0.873143
0.964759 0.024461
0.034185 0.825667
0.279022 0.205524
0.999015 0.196702
0.772735 0.592669
0.047192 0.870995
0.367718 0.800649
0.496876 0.134140
0.275477 0.360610
0.984463 0.117103
0.354089 0.992101
0.057783 0.843295
0.234221 0.641456
0.155025 0.260777
0.840304 0.595421
0.103708 0.190056
0.957276 0.042365
0.439049 0.947028
0.048989 0.298152
0.037345 0.510957
0.621255 0.539717
0.787565 0.499011
0.040733 0.296628
0.283110 0.881700
0.870193 0.139373
0.805729 0.327681
0.461432 0.972865
0.194909 0.301741
0.758972 0.094605
0.548551 0.556360
0.010885 0.709199
0.084559 0.455127
0.357447 0.904368
0.908001 0.645367
0.074054 0.188351
0.874793 0.957702
0.581682 0.564558
0.220385 0.051857
0.206385 0.776549
0.130739 0.250879
0.068711 0.794922
0.972901 0.210046
0.414600 0.837380
0.473784 0.552093